每幅图像的标定误差：
第1幅图像的平均误差：0.0561209像素
第2幅图像的平均误差：0.124469像素
第3幅图像的平均误差：0.0689836像素
第4幅图像的平均误差：0.0546844像素
第5幅图像的平均误差：0.103153像素
第6幅图像的平均误差：0.146923像素
第7幅图像的平均误差：0.151299像素
第8幅图像的平均误差：0.11659像素
第9幅图像的平均误差：0.0692782像素
第10幅图像的平均误差：0.0994567像素
第11幅图像的平均误差：0.145426像素
第12幅图像的平均误差：0.118707像素
第13幅图像的平均误差：0.0794412像素
第14幅图像的平均误差：0.17003像素
第15幅图像的平均误差：0.0944901像素
第16幅图像的平均误差：0.0871824像素
第17幅图像的平均误差：0.10841像素
第18幅图像的平均误差：0.113863像素
总体平均误差：0.106028像素

相机内参数矩阵：
[1625.607110422557, 0, 322.201040672257;
 0, 1554.914914117386, 253.6843522579099;
 0, 0, 1]

畸变系数：
[-3.033342158554685, -4.709159910945368, -0.1074648236189429, 0.09633232097669502, 283.2092860742569]


第1幅图像的旋转向量：
[37.08134290894828;
 -75.57756282919601;
 929.4208402096369]
第1幅图像的旋转矩阵：
[-0.9489513070282795, -0.02177965489176141, -0.3146697689993686;
 -0.07759767558026338, 0.9830731906466147, 0.1659689807657566;
 0.3057286666864271, 0.1819141238735455, -0.9345786397631073]
第1幅图像的平移向量：
[37.08134290894828;
 -75.57756282919601;
 929.4208402096369]

第2幅图像的旋转向量：
[48.83858278195655;
 -76.55201106353225;
 647.9249008380409]
第2幅图像的旋转矩阵：
[-0.9540567316109558, 0.03086028020402957, -0.2980325418029875;
 -0.02369775063468837, 0.9837940139801075, 0.1777294423323419;
 0.2986874109879371, 0.1766266717193015, -0.9378639823314922]
第2幅图像的平移向量：
[48.83858278195655;
 -76.55201106353225;
 647.9249008380409]

第3幅图像的旋转向量：
[22.03134373091424;
 -71.32385371426027;
 645.2559128448931]
第3幅图像的旋转矩阵：
[-0.9542402664440771, -0.07542469980015656, -0.2893728193123759;
 -0.1089390493028136, 0.9888533417978829, 0.1014955760226038;
 0.2784920060499688, 0.1283751653366696, -0.9518203714415063]
第3幅图像的平移向量：
[22.03134373091424;
 -71.32385371426027;
 645.2559128448931]

第4幅图像的旋转向量：
[-11.68356244560508;
 -67.66526955452959;
 673.1516503227963]
第4幅图像的旋转矩阵：
[-0.9597983374805654, -0.1718974207772633, -0.221897336846721;
 -0.1854608531157584, 0.9817686798350753, 0.04164770409600599;
 0.2106927225395262, 0.08112666654693679, -0.9741801890019446]
第4幅图像的平移向量：
[-11.68356244560508;
 -67.66526955452959;
 673.1516503227963]

第5幅图像的旋转向量：
[71.27550531917693;
 -73.16101261932731;
 608.2950126387091]
第5幅图像的旋转矩阵：
[-0.9679090700077173, 0.02699215635493262, 0.2498468644832403;
 0.01373496274720704, 0.9984108965933076, -0.05465374975314611;
 -0.250925054538459, -0.04946822271981837, -0.9667416986692019]
第5幅图像的平移向量：
[71.27550531917693;
 -73.16101261932731;
 608.2950126387091]

第6幅图像的旋转向量：
[70.66883707396539;
 -52.3555787709901;
 599.0467517599504]
第6幅图像的旋转矩阵：
[-0.9691766847015254, -0.02146912713651595, 0.2454294815439989;
 -0.03188310082545805, 0.9987484027713168, -0.03853694128362769;
 -0.2442949481931906, -0.04517415789741084, -0.9686481681939765]
第6幅图像的平移向量：
[70.66883707396539;
 -52.3555787709901;
 599.0467517599504]

第7幅图像的旋转向量：
[91.96954720532064;
 -58.62637321673051;
 570.6752369989593]
第7幅图像的旋转矩阵：
[-0.966921722923396, -0.001294504940595834, 0.2550700021480579;
 -0.01649471566828278, 0.9982114046094722, -0.05746230122965893;
 -0.254539399885114, -0.05976885446906548, -0.9652136436776998]
第7幅图像的平移向量：
[91.96954720532064;
 -58.62637321673051;
 570.6752369989593]

第8幅图像的旋转向量：
[46.94866805116481;
 -52.88461997932956;
 533.1614943961044]
第8幅图像的旋转矩阵：
[-0.9517069958900944, -0.03768955720491213, -0.304685561278426;
 -0.07796435274103142, 0.9895717017322958, 0.1211173267221509;
 0.2969433509535511, 0.1390228197395876, -0.9447207534060688]
第8幅图像的平移向量：
[46.94866805116481;
 -52.88461997932956;
 533.1614943961044]

第9幅图像的旋转向量：
[19.11369908515389;
 -53.32670503572417;
 541.5377124496578]
第9幅图像的旋转矩阵：
[-0.9629301918983851, -0.07584039303693445, -0.2588700065950912;
 -0.1045612265863316, 0.9895758872767293, 0.0990278406067481;
 0.2486612061124555, 0.1224246629747331, -0.9608224635541271]
第9幅图像的平移向量：
[19.11369908515389;
 -53.32670503572417;
 541.5377124496578]

第10幅图像的旋转向量：
[19.92570571895125;
 -59.43167244338874;
 545.9555226147479]
第10幅图像的旋转矩阵：
[-0.9631064599699619, -0.1428056965281638, 0.2281062905823382;
 -0.1533366014456328, 0.9877473044486901, -0.02903703172590117;
 -0.2211647201097663, -0.06294279619983384, -0.9732031499051546]
第10幅图像的平移向量：
[19.92570571895125;
 -59.43167244338874;
 545.9555226147479]

第11幅图像的旋转向量：
[25.54826626874493;
 -60.73662089788233;
 525.5627328444518]
第11幅图像的旋转矩阵：
[-0.9283435895777572, -0.136045821864399, -0.3459331063126582;
 -0.1893937873012969, 0.9738792801995791, 0.1252563009577602;
 0.319856488165483, 0.1817984652058155, -0.9298608202452957]
第11幅图像的平移向量：
[25.54826626874493;
 -60.73662089788233;
 525.5627328444518]

第12幅图像的旋转向量：
[28.30161143890911;
 -62.90357623351455;
 563.8128491057432]
第12幅图像的旋转矩阵：
[-0.9385999104056908, -0.1064556902696107, -0.3281728114814662;
 -0.166125895339552, 0.9731259913150017, 0.1594615688021017;
 0.3023779011172302, 0.2041886163242602, -0.9310610151217388]
第12幅图像的平移向量：
[28.30161143890911;
 -62.90357623351455;
 563.8128491057432]

第13幅图像的旋转向量：
[3.870324940393948;
 -67.6932307061882;
 628.0691506607164]
第13幅图像的旋转矩阵：
[-0.9466322565123169, -0.1599431746498188, -0.2798312916979382;
 -0.2061218058038628, 0.9678605042574817, 0.1440827729834808;
 0.2477925989664617, 0.1940727316791108, -0.9491757491192314]
第13幅图像的平移向量：
[3.870324940393948;
 -67.6932307061882;
 628.0691506607164]

第14幅图像的旋转向量：
[52.24145189067973;
 -64.77171635949496;
 530.4457782253101]
第14幅图像的旋转矩阵：
[-0.9117189840956591, -0.1111841628527055, -0.3954827126061549;
 -0.1845955806034264, 0.9708951271254188, 0.1526011918230033;
 0.3670054027684924, 0.2121337645328065, -0.9057076240619136]
第14幅图像的平移向量：
[52.24145189067973;
 -64.77171635949496;
 530.4457782253101]

第15幅图像的旋转向量：
[57.86736700980337;
 -67.5844490763573;
 611.5319779715028]
第15幅图像的旋转矩阵：
[-0.9375579705965756, -0.103771937217072, -0.331988609468829;
 -0.1694280451388537, 0.9698209243603572, 0.1753325759613697;
 0.3037748990473985, 0.2206326352084817, -0.9268452141483516]
第15幅图像的平移向量：
[57.86736700980337;
 -67.5844490763573;
 611.5319779715028]

第16幅图像的旋转向量：
[48.39818198303861;
 -51.56733398556014;
 589.2554832861579]
第16幅图像的旋转矩阵：
[-0.9457085777145164, -0.1540562998199186, 0.286185154267271;
 -0.1714523018138943, 0.9845124453347174, -0.03659717453264583;
 -0.276114820753801, -0.08367736531972644, -0.9574751716327925]
第16幅图像的平移向量：
[48.39818198303861;
 -51.56733398556014;
 589.2554832861579]

第17幅图像的旋转向量：
[54.31948282355683;
 -68.03260018069312;
 578.2798271070994]
第17幅图像的旋转矩阵：
[-0.9549574476069286, -0.1222350668612144, 0.2703975992672544;
 -0.1415801673867094, 0.9884984872253888, -0.0531582256651703;
 -0.2607898185566523, -0.0890467808657464, -0.9612800535508038]
第17幅图像的平移向量：
[54.31948282355683;
 -68.03260018069312;
 578.2798271070994]

第18幅图像的旋转向量：
[23.75977522140764;
 -67.94255993407985;
 561.8641087490765]
第18幅图像的旋转矩阵：
[-0.9659850076263162, -0.1910455838545579, -0.1742829593817385;
 -0.2158043921475379, 0.9668849494911348, 0.13624227969818;
 0.142483084508363, 0.1692190277043233, -0.9752248414041688]
第18幅图像的平移向量：
[23.75977522140764;
 -67.94255993407985;
 561.8641087490765]


